57 95 -21 64 -67 -1 56 -100 -88 68 4 12 -100 44 87 11 17 -48 22 -61
27 -55 -61 72 -47 -48 -14 94 51 -99 86 -99 -93 39 78 94 -95 94 26 -29
61 75 72 34 19 -2 -97 -44 -94 -22 7 1 -30 94 86 -66 -93 85 -18 -8
-28 -57 -15 -51 82 63 30 -62 91 -75 20 97 -45 -85 -2 -95 -55 79 0 23
-33 78 -19 -96 42 -4 -71 18 81 -89 37 19 -38 86 12 1 47 17 74 -75
-4 21 81 69 -33 -71 -52 98 68 -38 89 -47 -75 -98 6 11 -16 -44 42 -68
-89 -73 -29 15 -34 69 -100 -91 46 -7 -93 -63 -93 77 53 -98 -69 -58 -52 88
-46 -22 -76 -93 -45 -89 -82 -79 18 91 9 54 38 78 75 38 -16 5 63 -25
77 -52 -44 0 34 39 -58 -67 95 -96 27 80 21 -92 -41 60 90 57 -32 -73
-49 -78 23 -26 -13 -100 -98 -82 -44 -81 -12 -1 63 -50 88 62 -7 -87 16 -15
-78 -28 -20 -94 13 78 -39 32 -14 3 -29 -4 42 -97 81 73 -23 -85 -32 63
-67 -98 86 22 52 -53 19 -11 -40 -30 88 -79 0 -11 -75 -73 6 1 59 -40
34 -75 87 -73 -53 79 52 -65 92 -92 96 -54 -61 -49 -1 80 -4 -74 59 -64
-90 -69 -86 86 -87 -11 15 96 -15 -69 76 7 -34 -83 -52 83 -76 -14 -92 -41
-26 -40 -27 -62 -14 -90 15 -10 41 -86 36 -77 77 66 82 -59 61 66 57 -69
44 78 -67 -2 27 -89 39 65 53 13 9 97 -75 -57 26 58 82 -53 57 -91
53 -99 19 -14 53 -65 18 -11 -48 -83 -83 6 7 97 -8 48 -32 -66 15 50
-97 56 -50 57 94 -80 25 10 48 61 -30 9 -57 90 16 7 -93 -81 -91 -11
14 -33 -94 8 -66 56 3 24 82 75 -62 48 42 67 22 6 99 -75 -82 7
73 -72 12 -76 33 -3 -83 -11 -23 58 14 28 19 -73 26 -4 66 -62 67 21
